1
2
7
8
9
12
13
14
15
16
20
23
29
31
32
33
34
35
36
37
38
40
45
46
47
49
53
56
60
61
62
63
64
68
71
74
75
80
84
86
88
89
91
95
96
97
101
105
108
109
110
111
114
115
117
118
119
120
121
128
133
136
138
139
140
142
143
144
145
146
147
148
149
150
151
154
156
159
162
163
164
170
171
174
179
181
184
187
188
189
192
193
194
195
196
198
200
203
207
209
211
213
216
218
219
220
221
223
228
229
233
239
240
241
243
245
246
248
250
253
257
258
259
260
262
265
266
267
268
269
271
273
274
275
276
277
278
279
280
281
282
283
284
285
286
288
290
291
292
296
299
300
301
302
304
306
307
308
311
312
315
316
318
319
320
321
322
323
324
325
326
327
329
334
336
339
343
344
347
350
352
355
356
358
359
360
361
364
366
367
369
370
371
373
374
375
376
380
381
383
386
387
388
389
390
392
393
396
397
399
408
410
411
412
413
414
417
419
420
421
422
423
424
426
427
428
430
431
432
433
435
437
438
442
443
444
448
450
452
454
458
459
461
463
468
472
473
474
475
479
480
483
484
485
486
488
491
492
493
494
496
497
498
501
502
505
506
507
509
510
511
512
513
514
515
517
518
520
522
523
524
525
528
532
533
535
537
538
539
540
541
542
543
547
551
552
554
555
556
557
558
560
561
562
565
567
570
575
577
578
579
580
581
582
583
584
585
586
587
590
591
592
596
597
599
600
601
602
604-alternative
605
606
607
609
610
612
614
616
618
619
620
621
622
624
625
626
627
629
630
632
633
634
637
639
640
641
642
643
644
646
647
648
649
650
651
654
656
657
658
659
665
666
667
668
669
670
671
674
675
677
679
681
682
683
686
687
688
690
694
695
696
697
698
699
700
701
703
704
705
709
710
711
714
715
716
717
718
719
720
721
722
723
724
725
727
729
730
732
733
734
735
736
737
738
739
740
741
742
743
744
745
746
747
748
749
750
751
752
753
754
755
756
757
758
759
761
762
764
765
766
767
768
771
772
773
774
775
776
777
778
779
780
781
782
783
784
785
786
787
788
789
790
791
792
793
794
795
796
797
798
799
800
801
802
803
804
805
806
807
808
809
810
811
812
813
814
815
816
817
818
819
821
822
823
824
825
826
827
828
829
830
831
832
834
835
836
837
838
839
